#-------------------------------------------------------------------------------------------------------------------------------------------
#----------------------------Results-----------------------------------------------------------------------
0 25.0
1 50.0
2 75.0
3 100.0
4 125.0
5 150.0
6 200.0
7 250.0
8 300.0
9 350.0
10 400.0
11 500.0
12 600.0
13 700.0
14 800.0
15 1000.0
16 1250.0
17 1500.0
18 1750.0
19 2000.0
20 2250.0
21 2500.0
22 2750.0
23 2800.0
24 2890.0
FILE HEADER:
328704.1 3535939.0 25000.0 832704.1 3939939.0 2890000.0
2000.0 2000.0 25.0
253 203 25
4217.5951031177 7279.379540437947 4150.953252745779 7294.146355910448 4.310634024130451 7.249776887562942
